        53        48        30        95
    50     1  1000
    -1    51    -2  1000
    52    53  1000
    52    53  1000
  1000
    54  1000
    55  1000
    56  1000
    57  1000
    58  1000
    59  1000
    60    -3    33    61    -4    31  1000
    62  1000
    28    63    29  1000
    16    64    31  1000
    60    -3    -5    65  1000
    32    60    -3    -5    65  1000
  1000
    45    66  1000
    24    62    25  1000
  1000
    19    67    -7    31  1000
    62    -8    68  1000
    32    62    -8    68  1000
  1000
     3    -6    31  1000
    69  1000
    70  1000
    71  1000
    72  1000
    73  1000
    74  1000
    14    26    75    27    -9    51    76     9   -11  1000
     8   -10    51  1000
  1000
     7   -12    51    23    26    75    27   -30    31  1000
    22    26    75    27   -14    51     9   -15  1000
    12    26    77    31    75   -16    31    77   -17    27    51     9
   -18  1000
    60    -3    33    62   -19  1000
    18    26    62    27   -20    78    17   -22    30    51   -23     9
   -21  1000
    79    80  1000
    79    80  1000
  1000
     4    81    30    51   -23  1000
    46   -24    82  1000
    32    46   -24    82  1000
  1000
    62    83   -26  1000
    84   -25    62  1000
  1000
    85    86  1000
    87   -25    85   -27    86  1000
  1000
    88    89  1000
    90   -25    88   -27    89  1000
  1000
    91   -28  1000
    60    -3  1000
    26    62    27  1000
     2  1000
    15  1000
    11  1000
    93  1000
     5    94  1000
    24    46    25  1000
  1000
    10  1000
    21  1000
    95  1000
    46  1000
    47  1000
    48  1000
    36  1000
    37  1000
    34  1000
    35  1000
    38  1000
    39  1000
    40  1000
    41  1000
    42  1000
    43  1000
    44  1000
     6    28    96    29  1000
    97    98  1000
    97    98  1000
  1000
    92    30    99    31  1000
    13    24    46    25    92    99    31  1000
    45   -29   100  1000
    32    45   -29   100  1000
  1000
    62   101  1000
    32    62   101  1000
  1000
     50    6    2
     50   18    2
     50   12    2
     50   22    2
     50    7    2
     50   14    2
     50    3    2
     50   19    2
     50   16    2
     50   45    2
     51   14    3
     51    7    3
     51   22    3
     51   12    3
     51   18    3
     51    6    3
     51   45    3
     51   16    3
     51   19    3
     51    3    3
     53   14    4
     53    7    4
     53   22    4
     53   12    4
     53   18    4
     53    6    4
     53   45    4
     53   16    4
     53   19    4
     53    3    4
     53   17    5
     53    4    5
     53    9    5
     53    8    5
     53   23    5
     53    1    5
     52    3    6
     52   19    6
     52   16    6
     52   45    6
     52    6    7
     52   18    7
     52   12    7
     52   22    7
     52    7    7
     52   14    7
     54   45    8
     54   16    9
     54   19   10
     54    3   11
     56   45   12
     61   45   13
     61   46   13
     61   47   13
     61   48   13
     61   21   13
     61   10   13
     61   26   13
     61   28   14
     57   16   15
     64   45   16
     65   32   17
     65   31   18
     60   45   19
     66   24   20
     66   25   21
     66   27   21
     66   29   21
     66   33   21
     66   34   21
     66   35   21
     66   44   21
     66   43   21
     66   42   21
     66   41   21
     66   40   21
     66   39   21
     66   38   21
     66   31   21
     66   37   21
     66   36   21
     66   32   21
     58   19   22
     67   45   23
     67   46   23
     67   47   23
     67   48   23
     67   21   23
     67   10   23
     67   26   23
     68   32   24
     68   31   25
     59    3   26
     55   14   27
     55    7   28
     55   22   29
     55   12   30
     55   18   31
     55    6   32
     69   14   33
     76    8   34
     76    9   35
     70    7   36
     71   22   37
     72   12   38
     77   45   39
     73   18   40
     78    4   41
     80    4   42
     80   17   43
     79    4   44
     81   46   45
     82   32   46
     82   30   47
     75   45   48
     75   46   48
     75   47   48
     75   48   48
     75   21   48
     75   10   48
     75   26   48
     83   44   49
     83   43   49
     83   42   49
     83   41   49
     83   40   49
     83   39   49
     83   38   49
     83   31   50
     83   27   50
     62   10   51
     62   21   51
     62   48   51
     62   47   51
     62   46   51
     62   45   51
     62   26   51
     86   35   52
     86   34   52
     86   29   53
     86   32   53
     86   27   53
     86   25   53
     86   31   53
     86   38   53
     86   39   53
     86   40   53
     86   41   53
     86   42   53
     86   43   53
     86   44   53
     85   45   54
     85   46   54
     85   47   54
     85   48   54
     85   21   54
     85   10   54
     85   26   54
     89   37   55
     89   36   55
     89   25   56
     89   27   56
     89   32   56
     89   29   56
     89   34   56
     89   35   56
     89   44   56
     89   43   56
     89   42   56
     89   41   56
     89   40   56
     89   39   56
     89   38   56
     89   31   56
     88   10   57
     88   21   57
     88   48   57
     88   47   57
     88   46   57
     88   45   58
     88   26   59
     92    2   60
     92   15   61
     92   11   62
     92    5   63
     93    5   64
     94   24   65
     94   45   66
     94   30   66
     95   10   67
     95   21   68
     91   21   69
     91   10   69
     91   46   70
     91   47   71
     91   48   72
     90   36   73
     90   37   74
     87   34   75
     87   35   76
     84   38   77
     84   39   78
     84   40   79
     84   41   80
     84   42   81
     84   43   82
     84   44   83
     74    6   84
     96    5   85
     96    2   85
     96   15   85
     96   11   85
     96   13   85
     98    5   86
     98    2   86
     98   15   86
     98   11   86
     98   13   86
     98   29   87
     97    5   88
     97   11   88
     97   15   88
     97    2   88
     97   13   89
     99   45   90
    100   32   91
    100   31   92
     63   45   93
     63   46   93
     63   47   93
     63   48   93
     63   21   93
     63   10   93
     63   26   93
    101   32   94
    101   29   95
      0    0    0
         4  Assign
         6  Break
        23  CaseEnd
        29  DefineVar
         2  Finish
        19  ForAssign
        16  ForBegin
        18  ForEnd
        17  ForUpdate
        27  GenInfix
        10  IfElse
        11  IfEnd
         9  IfThen
        24  IntAppend
         5  Listen
        13  LoogEnd
        12  LoopBegin
        30  LoopEnd
         7  NewLine
        22  Otherwise
        28  ProcessLit
        25  ProcessOp
         3  ProcessVar
        20  SelectBegin
        21  SelectEnd
        26  SetCondition
         8  Shout
         1  Start
        14  WhileBegin
        15  WhileEnd
        43  !!
        44  !=
         1  $eof$
        26  (
        27  )
        36  *
        34  +
        32  ,
        35  -
        37  /
        30  :
        31  ;
        38  <
        39  <=
        33  =
        42  ==
        40  >
        41  >=
        48  CHEESE_LIT
        47  FLOAT_LIT
        45  ID
        46  INT_LIT
        24  [
        25  ]
         2  bool
         3  break
         4  case
         5  cheese
         6  decs
         7  do
         8  else
         9  end
        10  false
        11  float
        12  for
        13  hiphip
        14  if
        15  int
        16  listen
        17  otherwise
        18  select
        19  shout
        20  then
        21  true
        23  until
        22  while
        28  {
        29  }
        49  <goal>
        87  add_op
        56  assign_stmt
        61  assign_tail
        95  bool_lit
        59  break_stmt
        79  case
        78  case_list
        80  case_list_tail
        93  cheese_type
        94  cheese_type_tail
        83  cond_tail
        75  condition
        96  dec_list
        98  dec_tail
        97  declaration
        76  else_clause
        86  expr_tail
        62  expression
        85  factor
        89  factor_tail
        77  for_assign
        72  for_stmt
        69  if_stmt
        63  init_list
       101  init_tail
        81  int_list
        82  int_list_tail
        67  item_list
        68  item_list_tail
        57  listen_stmt
        91  literal
        70  loop_stmt
        90  mult_op
        88  primary
        50  program
        84  rel_op
        73  select_stmt
        58  shout_stmt
        54  simple_stmt
        52  statement
        51  stmt_list
        53  stmt_tail
        55  struct_stmt
        92  type
        99  var_dec_list
       100  var_dec_tail
        74  var_decs
        64  var_list
        65  var_list_tail
        60  variable
        66  variable_tail
        71  while_stmt

